3.250000000000000000e+02 2.100000000000000000e+02
3.280000000000000000e+02 2.520000000000000000e+02
3.350000000000000000e+02 2.940000000000000000e+02
3.430000000000000000e+02 3.340000000000000000e+02
3.570000000000000000e+02 3.760000000000000000e+02
3.780000000000000000e+02 4.130000000000000000e+02
4.070000000000000000e+02 4.460000000000000000e+02
4.400000000000000000e+02 4.720000000000000000e+02
4.820000000000000000e+02 4.770000000000000000e+02
5.230000000000000000e+02 4.660000000000000000e+02
5.570000000000000000e+02 4.360000000000000000e+02
5.860000000000000000e+02 4.030000000000000000e+02
6.080000000000000000e+02 3.670000000000000000e+02
6.210000000000000000e+02 3.280000000000000000e+02
6.300000000000000000e+02 2.850000000000000000e+02
6.330000000000000000e+02 2.410000000000000000e+02
6.360000000000000000e+02 1.970000000000000000e+02
3.470000000000000000e+02 2.040000000000000000e+02
3.630000000000000000e+02 1.790000000000000000e+02
3.910000000000000000e+02 1.700000000000000000e+02
4.220000000000000000e+02 1.710000000000000000e+02
4.520000000000000000e+02 1.780000000000000000e+02
4.980000000000000000e+02 1.750000000000000000e+02
5.280000000000000000e+02 1.660000000000000000e+02
5.580000000000000000e+02 1.630000000000000000e+02
5.870000000000000000e+02 1.710000000000000000e+02
6.050000000000000000e+02 1.920000000000000000e+02
4.750000000000000000e+02 2.030000000000000000e+02
4.750000000000000000e+02 2.330000000000000000e+02
4.750000000000000000e+02 2.620000000000000000e+02
4.750000000000000000e+02 2.930000000000000000e+02
4.390000000000000000e+02 3.140000000000000000e+02
4.560000000000000000e+02 3.160000000000000000e+02
4.740000000000000000e+02 3.190000000000000000e+02
4.930000000000000000e+02 3.140000000000000000e+02
5.110000000000000000e+02 3.090000000000000000e+02
3.800000000000000000e+02 2.130000000000000000e+02
3.970000000000000000e+02 2.030000000000000000e+02
4.160000000000000000e+02 2.010000000000000000e+02
4.320000000000000000e+02 2.120000000000000000e+02
4.150000000000000000e+02 2.150000000000000000e+02
3.970000000000000000e+02 2.170000000000000000e+02
5.200000000000000000e+02 2.090000000000000000e+02
5.380000000000000000e+02 1.980000000000000000e+02
5.570000000000000000e+02 1.970000000000000000e+02
5.740000000000000000e+02 2.060000000000000000e+02
5.580000000000000000e+02 2.120000000000000000e+02
5.380000000000000000e+02 2.110000000000000000e+02
4.120000000000000000e+02 3.690000000000000000e+02
4.350000000000000000e+02 3.600000000000000000e+02
4.570000000000000000e+02 3.530000000000000000e+02
4.740000000000000000e+02 3.570000000000000000e+02
4.910000000000000000e+02 3.510000000000000000e+02
5.160000000000000000e+02 3.560000000000000000e+02
5.440000000000000000e+02 3.620000000000000000e+02
5.180000000000000000e+02 3.800000000000000000e+02
4.950000000000000000e+02 3.900000000000000000e+02
4.770000000000000000e+02 3.920000000000000000e+02
4.590000000000000000e+02 3.920000000000000000e+02
4.360000000000000000e+02 3.840000000000000000e+02
4.220000000000000000e+02 3.700000000000000000e+02
4.570000000000000000e+02 3.700000000000000000e+02
4.750000000000000000e+02 3.720000000000000000e+02
4.920000000000000000e+02 3.680000000000000000e+02
5.350000000000000000e+02 3.650000000000000000e+02
4.930000000000000000e+02 3.670000000000000000e+02
4.760000000000000000e+02 3.710000000000000000e+02
4.590000000000000000e+02 3.700000000000000000e+02
