165.0 415.0
166.0 445.0
170.0 473.0
175.0 500.0
183.0 526.0
196.0 547.0
216.0 563.0
240.0 573.0
264.0 576.0
289.0 572.0
315.0 563.0
340.0 549.0
360.0 530.0
373.0 506.0
379.0 479.0
384.0 450.0
386.0 420.0
183.0 389.0
197.0 377.0
215.0 372.0
235.0 375.0
253.0 384.0
292.0 383.0
311.0 373.0
332.0 368.0
352.0 373.0
367.0 387.0
273.0 417.0
273.0 437.0
272.0 457.0
272.0 477.0
256.0 495.0
264.0 498.0
271.0 498.0
279.0 497.0
287.0 495.0
204.0 418.0
216.0 406.0
233.0 406.0
246.0 423.0
232.0 428.0
214.0 427.0
303.0 421.0
315.0 404.0
333.0 404.0
344.0 416.0
334.0 425.0
317.0 426.0
240.0 541.0
253.0 534.0
264.0 527.0
270.0 529.0
277.0 527.0
287.0 532.0
299.0 539.0
286.0 537.0
276.0 536.0
268.0 537.0
261.0 537.0
252.0 538.0
248.0 540.0
263.0 542.0
270.0 542.0
277.0 541.0
292.0 538.0
276.0 520.0
269.0 520.0
263.0 521.0
