86.0 121.0
88.0 133.0
90.0 145.0
94.0 157.0
99.0 167.0
107.0 176.0
117.0 183.0
127.0 188.0
139.0 189.0
151.0 187.0
161.0 181.0
170.0 173.0
178.0 163.0
182.0 152.0
182.0 139.0
181.0 127.0
180.0 115.0
96.0 107.0
99.0 99.0
106.0 94.0
115.0 94.0
123.0 96.0
136.0 95.0
144.0 91.0
153.0 90.0
162.0 93.0
166.0 101.0
131.0 108.0
132.0 117.0
133.0 126.0
134.0 135.0
124.0 142.0
129.0 143.0
134.0 144.0
138.0 142.0
143.0 141.0
106.0 114.0
110.0 111.0
115.0 110.0
119.0 113.0
115.0 114.0
110.0 115.0
143.0 111.0
148.0 108.0
153.0 107.0
157.0 110.0
153.0 111.0
148.0 112.0
118.0 159.0
124.0 157.0
130.0 156.0
134.0 157.0
139.0 155.0
145.0 155.0
152.0 155.0
146.0 160.0
141.0 161.0
136.0 162.0
131.0 162.0
125.0 162.0
120.0 159.0
130.0 158.0
134.0 159.0
139.0 158.0
150.0 155.0
140.0 157.0
135.0 158.0
131.0 158.0
