68.0 142.0
68.0 159.0
69.0 176.0
72.0 192.0
78.0 207.0
88.0 219.0
103.0 227.0
118.0 234.0
133.0 237.0
148.0 235.0
162.0 228.0
174.0 219.0
184.0 207.0
189.0 193.0
192.0 177.0
195.0 161.0
196.0 145.0
88.0 128.0
97.0 123.0
107.0 121.0
118.0 124.0
127.0 128.0
145.0 129.0
155.0 126.0
165.0 125.0
175.0 126.0
182.0 132.0
137.0 143.0
137.0 153.0
138.0 163.0
138.0 173.0
126.0 182.0
131.0 183.0
137.0 184.0
142.0 184.0
147.0 183.0
100.0 143.0
106.0 140.0
114.0 141.0
120.0 146.0
113.0 147.0
106.0 146.0
151.0 147.0
157.0 142.0
164.0 142.0
171.0 146.0
165.0 148.0
157.0 148.0
116.0 204.0
124.0 197.0
131.0 193.0
136.0 194.0
140.0 193.0
147.0 198.0
153.0 205.0
147.0 209.0
140.0 212.0
135.0 212.0
130.0 211.0
123.0 208.0
119.0 203.0
131.0 201.0
136.0 201.0
140.0 201.0
149.0 204.0
140.0 202.0
135.0 202.0
130.0 202.0
