4.460000000000000000e+02 2.390000000000000000e+02
4.460000000000000000e+02 2.680000000000000000e+02
4.470000000000000000e+02 3.000000000000000000e+02
4.530000000000000000e+02 3.300000000000000000e+02
4.650000000000000000e+02 3.600000000000000000e+02
4.850000000000000000e+02 3.840000000000000000e+02
5.100000000000000000e+02 4.040000000000000000e+02
5.350000000000000000e+02 4.240000000000000000e+02
5.630000000000000000e+02 4.310000000000000000e+02
5.950000000000000000e+02 4.280000000000000000e+02
6.290000000000000000e+02 4.160000000000000000e+02
6.620000000000000000e+02 3.970000000000000000e+02
6.880000000000000000e+02 3.690000000000000000e+02
7.030000000000000000e+02 3.340000000000000000e+02
7.080000000000000000e+02 2.950000000000000000e+02
7.040000000000000000e+02 2.540000000000000000e+02
7.020000000000000000e+02 2.160000000000000000e+02
4.600000000000000000e+02 2.180000000000000000e+02
4.720000000000000000e+02 2.060000000000000000e+02
4.910000000000000000e+02 2.050000000000000000e+02
5.090000000000000000e+02 2.100000000000000000e+02
5.250000000000000000e+02 2.180000000000000000e+02
5.610000000000000000e+02 2.150000000000000000e+02
5.800000000000000000e+02 2.050000000000000000e+02
6.010000000000000000e+02 2.010000000000000000e+02
6.220000000000000000e+02 2.020000000000000000e+02
6.410000000000000000e+02 2.120000000000000000e+02
5.460000000000000000e+02 2.420000000000000000e+02
5.470000000000000000e+02 2.630000000000000000e+02
5.470000000000000000e+02 2.840000000000000000e+02
5.470000000000000000e+02 3.060000000000000000e+02
5.270000000000000000e+02 3.200000000000000000e+02
5.390000000000000000e+02 3.220000000000000000e+02
5.510000000000000000e+02 3.230000000000000000e+02
5.640000000000000000e+02 3.210000000000000000e+02
5.760000000000000000e+02 3.200000000000000000e+02
4.830000000000000000e+02 2.400000000000000000e+02
4.950000000000000000e+02 2.340000000000000000e+02
5.090000000000000000e+02 2.360000000000000000e+02
5.190000000000000000e+02 2.470000000000000000e+02
5.060000000000000000e+02 2.470000000000000000e+02
4.930000000000000000e+02 2.460000000000000000e+02
5.800000000000000000e+02 2.450000000000000000e+02
5.920000000000000000e+02 2.340000000000000000e+02
6.060000000000000000e+02 2.320000000000000000e+02
6.180000000000000000e+02 2.370000000000000000e+02
6.080000000000000000e+02 2.430000000000000000e+02
5.940000000000000000e+02 2.460000000000000000e+02
5.180000000000000000e+02 3.600000000000000000e+02
5.300000000000000000e+02 3.540000000000000000e+02
5.450000000000000000e+02 3.500000000000000000e+02
5.540000000000000000e+02 3.530000000000000000e+02
5.640000000000000000e+02 3.490000000000000000e+02
5.850000000000000000e+02 3.540000000000000000e+02
6.050000000000000000e+02 3.590000000000000000e+02
5.860000000000000000e+02 3.700000000000000000e+02
5.670000000000000000e+02 3.770000000000000000e+02
5.560000000000000000e+02 3.790000000000000000e+02
5.460000000000000000e+02 3.780000000000000000e+02
5.320000000000000000e+02 3.710000000000000000e+02
5.240000000000000000e+02 3.610000000000000000e+02
5.450000000000000000e+02 3.630000000000000000e+02
5.540000000000000000e+02 3.640000000000000000e+02
5.650000000000000000e+02 3.620000000000000000e+02
6.000000000000000000e+02 3.590000000000000000e+02
5.660000000000000000e+02 3.630000000000000000e+02
5.550000000000000000e+02 3.640000000000000000e+02
5.460000000000000000e+02 3.630000000000000000e+02
