3.260000000000000000e+02 1.670000000000000000e+02
3.270000000000000000e+02 1.800000000000000000e+02
3.300000000000000000e+02 1.950000000000000000e+02
3.350000000000000000e+02 2.090000000000000000e+02
3.420000000000000000e+02 2.220000000000000000e+02
3.510000000000000000e+02 2.330000000000000000e+02
3.590000000000000000e+02 2.450000000000000000e+02
3.680000000000000000e+02 2.550000000000000000e+02
3.800000000000000000e+02 2.590000000000000000e+02
3.920000000000000000e+02 2.580000000000000000e+02
4.040000000000000000e+02 2.500000000000000000e+02
4.150000000000000000e+02 2.390000000000000000e+02
4.250000000000000000e+02 2.260000000000000000e+02
4.310000000000000000e+02 2.120000000000000000e+02
4.350000000000000000e+02 1.970000000000000000e+02
4.390000000000000000e+02 1.810000000000000000e+02
4.400000000000000000e+02 1.650000000000000000e+02
3.320000000000000000e+02 1.530000000000000000e+02
3.400000000000000000e+02 1.500000000000000000e+02
3.480000000000000000e+02 1.510000000000000000e+02
3.560000000000000000e+02 1.540000000000000000e+02
3.640000000000000000e+02 1.590000000000000000e+02
3.910000000000000000e+02 1.610000000000000000e+02
4.000000000000000000e+02 1.560000000000000000e+02
4.090000000000000000e+02 1.550000000000000000e+02
4.180000000000000000e+02 1.550000000000000000e+02
4.270000000000000000e+02 1.580000000000000000e+02
3.770000000000000000e+02 1.760000000000000000e+02
3.770000000000000000e+02 1.870000000000000000e+02
3.760000000000000000e+02 1.990000000000000000e+02
3.760000000000000000e+02 2.100000000000000000e+02
3.680000000000000000e+02 2.140000000000000000e+02
3.720000000000000000e+02 2.160000000000000000e+02
3.770000000000000000e+02 2.180000000000000000e+02
3.820000000000000000e+02 2.170000000000000000e+02
3.860000000000000000e+02 2.150000000000000000e+02
3.410000000000000000e+02 1.700000000000000000e+02
3.480000000000000000e+02 1.660000000000000000e+02
3.570000000000000000e+02 1.680000000000000000e+02
3.640000000000000000e+02 1.770000000000000000e+02
3.550000000000000000e+02 1.780000000000000000e+02
3.460000000000000000e+02 1.760000000000000000e+02
3.930000000000000000e+02 1.790000000000000000e+02
4.000000000000000000e+02 1.710000000000000000e+02
4.100000000000000000e+02 1.710000000000000000e+02
4.170000000000000000e+02 1.760000000000000000e+02
4.100000000000000000e+02 1.810000000000000000e+02
4.010000000000000000e+02 1.810000000000000000e+02
3.590000000000000000e+02 2.290000000000000000e+02
3.670000000000000000e+02 2.290000000000000000e+02
3.730000000000000000e+02 2.280000000000000000e+02
3.770000000000000000e+02 2.300000000000000000e+02
3.820000000000000000e+02 2.290000000000000000e+02
3.890000000000000000e+02 2.300000000000000000e+02
3.960000000000000000e+02 2.310000000000000000e+02
3.890000000000000000e+02 2.380000000000000000e+02
3.820000000000000000e+02 2.420000000000000000e+02
3.760000000000000000e+02 2.420000000000000000e+02
3.710000000000000000e+02 2.400000000000000000e+02
3.650000000000000000e+02 2.360000000000000000e+02
3.620000000000000000e+02 2.310000000000000000e+02
3.720000000000000000e+02 2.340000000000000000e+02
3.770000000000000000e+02 2.350000000000000000e+02
3.820000000000000000e+02 2.350000000000000000e+02
3.930000000000000000e+02 2.320000000000000000e+02
3.810000000000000000e+02 2.340000000000000000e+02
3.760000000000000000e+02 2.350000000000000000e+02
3.720000000000000000e+02 2.330000000000000000e+02
