3.900000000000000000e+02 1.980000000000000000e+02
3.880000000000000000e+02 2.110000000000000000e+02
3.870000000000000000e+02 2.250000000000000000e+02
3.880000000000000000e+02 2.390000000000000000e+02
3.900000000000000000e+02 2.520000000000000000e+02
3.960000000000000000e+02 2.660000000000000000e+02
4.040000000000000000e+02 2.780000000000000000e+02
4.150000000000000000e+02 2.880000000000000000e+02
4.280000000000000000e+02 2.920000000000000000e+02
4.410000000000000000e+02 2.920000000000000000e+02
4.530000000000000000e+02 2.860000000000000000e+02
4.630000000000000000e+02 2.770000000000000000e+02
4.710000000000000000e+02 2.650000000000000000e+02
4.760000000000000000e+02 2.530000000000000000e+02
4.800000000000000000e+02 2.390000000000000000e+02
4.840000000000000000e+02 2.250000000000000000e+02
4.860000000000000000e+02 2.120000000000000000e+02
4.020000000000000000e+02 1.890000000000000000e+02
4.090000000000000000e+02 1.850000000000000000e+02
4.200000000000000000e+02 1.850000000000000000e+02
4.290000000000000000e+02 1.880000000000000000e+02
4.370000000000000000e+02 1.930000000000000000e+02
4.530000000000000000e+02 1.950000000000000000e+02
4.610000000000000000e+02 1.920000000000000000e+02
4.700000000000000000e+02 1.920000000000000000e+02
4.780000000000000000e+02 1.950000000000000000e+02
4.830000000000000000e+02 2.020000000000000000e+02
4.440000000000000000e+02 2.070000000000000000e+02
4.430000000000000000e+02 2.160000000000000000e+02
4.420000000000000000e+02 2.260000000000000000e+02
4.420000000000000000e+02 2.360000000000000000e+02
4.290000000000000000e+02 2.410000000000000000e+02
4.340000000000000000e+02 2.430000000000000000e+02
4.390000000000000000e+02 2.450000000000000000e+02
4.430000000000000000e+02 2.450000000000000000e+02
4.480000000000000000e+02 2.450000000000000000e+02
4.100000000000000000e+02 2.010000000000000000e+02
4.160000000000000000e+02 1.980000000000000000e+02
4.230000000000000000e+02 1.990000000000000000e+02
4.280000000000000000e+02 2.050000000000000000e+02
4.210000000000000000e+02 2.060000000000000000e+02
4.140000000000000000e+02 2.050000000000000000e+02
4.550000000000000000e+02 2.100000000000000000e+02
4.610000000000000000e+02 2.050000000000000000e+02
4.680000000000000000e+02 2.050000000000000000e+02
4.730000000000000000e+02 2.100000000000000000e+02
4.680000000000000000e+02 2.130000000000000000e+02
4.610000000000000000e+02 2.120000000000000000e+02
4.210000000000000000e+02 2.600000000000000000e+02
4.270000000000000000e+02 2.560000000000000000e+02
4.330000000000000000e+02 2.540000000000000000e+02
4.360000000000000000e+02 2.560000000000000000e+02
4.400000000000000000e+02 2.560000000000000000e+02
4.450000000000000000e+02 2.610000000000000000e+02
4.490000000000000000e+02 2.670000000000000000e+02
4.430000000000000000e+02 2.720000000000000000e+02
4.380000000000000000e+02 2.730000000000000000e+02
4.340000000000000000e+02 2.720000000000000000e+02
4.290000000000000000e+02 2.700000000000000000e+02
4.250000000000000000e+02 2.670000000000000000e+02
4.240000000000000000e+02 2.600000000000000000e+02
4.320000000000000000e+02 2.600000000000000000e+02
4.360000000000000000e+02 2.620000000000000000e+02
4.390000000000000000e+02 2.620000000000000000e+02
4.460000000000000000e+02 2.660000000000000000e+02
4.390000000000000000e+02 2.630000000000000000e+02
4.350000000000000000e+02 2.620000000000000000e+02
4.310000000000000000e+02 2.600000000000000000e+02
