3.340000000000000000e+02 1.630000000000000000e+02
3.380000000000000000e+02 1.830000000000000000e+02
3.430000000000000000e+02 2.020000000000000000e+02
3.500000000000000000e+02 2.200000000000000000e+02
3.590000000000000000e+02 2.360000000000000000e+02
3.750000000000000000e+02 2.480000000000000000e+02
3.950000000000000000e+02 2.560000000000000000e+02
4.170000000000000000e+02 2.580000000000000000e+02
4.390000000000000000e+02 2.560000000000000000e+02
4.580000000000000000e+02 2.520000000000000000e+02
4.720000000000000000e+02 2.440000000000000000e+02
4.840000000000000000e+02 2.330000000000000000e+02
4.910000000000000000e+02 2.170000000000000000e+02
4.920000000000000000e+02 1.990000000000000000e+02
4.920000000000000000e+02 1.810000000000000000e+02
4.900000000000000000e+02 1.630000000000000000e+02
4.880000000000000000e+02 1.460000000000000000e+02
3.580000000000000000e+02 1.420000000000000000e+02
3.680000000000000000e+02 1.320000000000000000e+02
3.810000000000000000e+02 1.250000000000000000e+02
3.970000000000000000e+02 1.230000000000000000e+02
4.120000000000000000e+02 1.250000000000000000e+02
4.280000000000000000e+02 1.210000000000000000e+02
4.400000000000000000e+02 1.160000000000000000e+02
4.540000000000000000e+02 1.150000000000000000e+02
4.660000000000000000e+02 1.180000000000000000e+02
4.750000000000000000e+02 1.260000000000000000e+02
4.220000000000000000e+02 1.340000000000000000e+02
4.250000000000000000e+02 1.450000000000000000e+02
4.280000000000000000e+02 1.560000000000000000e+02
4.300000000000000000e+02 1.680000000000000000e+02
4.150000000000000000e+02 1.840000000000000000e+02
4.230000000000000000e+02 1.840000000000000000e+02
4.310000000000000000e+02 1.840000000000000000e+02
4.380000000000000000e+02 1.820000000000000000e+02
4.430000000000000000e+02 1.800000000000000000e+02
3.740000000000000000e+02 1.470000000000000000e+02
3.810000000000000000e+02 1.400000000000000000e+02
3.910000000000000000e+02 1.380000000000000000e+02
4.000000000000000000e+02 1.440000000000000000e+02
3.920000000000000000e+02 1.460000000000000000e+02
3.820000000000000000e+02 1.480000000000000000e+02
4.410000000000000000e+02 1.390000000000000000e+02
4.490000000000000000e+02 1.320000000000000000e+02
4.580000000000000000e+02 1.310000000000000000e+02
4.650000000000000000e+02 1.360000000000000000e+02
4.590000000000000000e+02 1.380000000000000000e+02
4.500000000000000000e+02 1.390000000000000000e+02
3.990000000000000000e+02 2.140000000000000000e+02
4.130000000000000000e+02 2.070000000000000000e+02
4.260000000000000000e+02 2.010000000000000000e+02
4.340000000000000000e+02 2.010000000000000000e+02
4.410000000000000000e+02 1.980000000000000000e+02
4.520000000000000000e+02 2.010000000000000000e+02
4.630000000000000000e+02 2.050000000000000000e+02
4.540000000000000000e+02 2.100000000000000000e+02
4.440000000000000000e+02 2.140000000000000000e+02
4.370000000000000000e+02 2.150000000000000000e+02
4.290000000000000000e+02 2.160000000000000000e+02
4.150000000000000000e+02 2.170000000000000000e+02
4.040000000000000000e+02 2.140000000000000000e+02
4.260000000000000000e+02 2.070000000000000000e+02
4.340000000000000000e+02 2.060000000000000000e+02
4.420000000000000000e+02 2.050000000000000000e+02
4.590000000000000000e+02 2.060000000000000000e+02
4.430000000000000000e+02 2.050000000000000000e+02
4.350000000000000000e+02 2.070000000000000000e+02
4.270000000000000000e+02 2.080000000000000000e+02
