8.100000000000000000e+01 1.870000000000000000e+02
8.800000000000000000e+01 2.150000000000000000e+02
9.400000000000000000e+01 2.420000000000000000e+02
1.000000000000000000e+02 2.670000000000000000e+02
1.110000000000000000e+02 2.880000000000000000e+02
1.280000000000000000e+02 3.040000000000000000e+02
1.480000000000000000e+02 3.150000000000000000e+02
1.660000000000000000e+02 3.250000000000000000e+02
1.860000000000000000e+02 3.290000000000000000e+02
2.050000000000000000e+02 3.250000000000000000e+02
2.230000000000000000e+02 3.130000000000000000e+02
2.420000000000000000e+02 3.000000000000000000e+02
2.590000000000000000e+02 2.820000000000000000e+02
2.690000000000000000e+02 2.590000000000000000e+02
2.730000000000000000e+02 2.320000000000000000e+02
2.780000000000000000e+02 2.030000000000000000e+02
2.810000000000000000e+02 1.730000000000000000e+02
9.000000000000000000e+01 1.830000000000000000e+02
1.030000000000000000e+02 1.710000000000000000e+02
1.220000000000000000e+02 1.700000000000000000e+02
1.410000000000000000e+02 1.720000000000000000e+02
1.600000000000000000e+02 1.770000000000000000e+02
1.890000000000000000e+02 1.750000000000000000e+02
2.080000000000000000e+02 1.680000000000000000e+02
2.270000000000000000e+02 1.650000000000000000e+02
2.470000000000000000e+02 1.650000000000000000e+02
2.620000000000000000e+02 1.750000000000000000e+02
1.760000000000000000e+02 2.090000000000000000e+02
1.770000000000000000e+02 2.240000000000000000e+02
1.770000000000000000e+02 2.380000000000000000e+02
1.770000000000000000e+02 2.530000000000000000e+02
1.610000000000000000e+02 2.670000000000000000e+02
1.700000000000000000e+02 2.680000000000000000e+02
1.790000000000000000e+02 2.690000000000000000e+02
1.880000000000000000e+02 2.670000000000000000e+02
1.980000000000000000e+02 2.660000000000000000e+02
1.130000000000000000e+02 2.060000000000000000e+02
1.250000000000000000e+02 2.000000000000000000e+02
1.400000000000000000e+02 2.010000000000000000e+02
1.520000000000000000e+02 2.140000000000000000e+02
1.390000000000000000e+02 2.190000000000000000e+02
1.230000000000000000e+02 2.170000000000000000e+02
2.030000000000000000e+02 2.120000000000000000e+02
2.130000000000000000e+02 1.990000000000000000e+02
2.280000000000000000e+02 1.960000000000000000e+02
2.410000000000000000e+02 2.020000000000000000e+02
2.320000000000000000e+02 2.140000000000000000e+02
2.160000000000000000e+02 2.170000000000000000e+02
1.560000000000000000e+02 2.900000000000000000e+02
1.660000000000000000e+02 2.870000000000000000e+02
1.740000000000000000e+02 2.850000000000000000e+02
1.810000000000000000e+02 2.870000000000000000e+02
1.860000000000000000e+02 2.850000000000000000e+02
1.960000000000000000e+02 2.860000000000000000e+02
2.090000000000000000e+02 2.890000000000000000e+02
1.980000000000000000e+02 2.960000000000000000e+02
1.890000000000000000e+02 3.000000000000000000e+02
1.820000000000000000e+02 3.010000000000000000e+02
1.750000000000000000e+02 3.000000000000000000e+02
1.670000000000000000e+02 2.970000000000000000e+02
1.610000000000000000e+02 2.890000000000000000e+02
1.750000000000000000e+02 2.900000000000000000e+02
1.810000000000000000e+02 2.910000000000000000e+02
1.870000000000000000e+02 2.900000000000000000e+02
2.040000000000000000e+02 2.880000000000000000e+02
1.870000000000000000e+02 2.910000000000000000e+02
1.810000000000000000e+02 2.920000000000000000e+02
1.750000000000000000e+02 2.910000000000000000e+02
