1.100000000000000000e+02 1.840000000000000000e+02
1.020000000000000000e+02 2.050000000000000000e+02
9.900000000000000000e+01 2.270000000000000000e+02
1.010000000000000000e+02 2.480000000000000000e+02
1.030000000000000000e+02 2.700000000000000000e+02
1.080000000000000000e+02 2.930000000000000000e+02
1.160000000000000000e+02 3.130000000000000000e+02
1.250000000000000000e+02 3.300000000000000000e+02
1.430000000000000000e+02 3.400000000000000000e+02
1.670000000000000000e+02 3.440000000000000000e+02
1.950000000000000000e+02 3.420000000000000000e+02
2.240000000000000000e+02 3.340000000000000000e+02
2.490000000000000000e+02 3.220000000000000000e+02
2.690000000000000000e+02 3.020000000000000000e+02
2.810000000000000000e+02 2.770000000000000000e+02
2.900000000000000000e+02 2.510000000000000000e+02
2.960000000000000000e+02 2.240000000000000000e+02
1.170000000000000000e+02 1.560000000000000000e+02
1.240000000000000000e+02 1.470000000000000000e+02
1.350000000000000000e+02 1.450000000000000000e+02
1.460000000000000000e+02 1.480000000000000000e+02
1.570000000000000000e+02 1.550000000000000000e+02
1.880000000000000000e+02 1.590000000000000000e+02
2.080000000000000000e+02 1.560000000000000000e+02
2.290000000000000000e+02 1.590000000000000000e+02
2.480000000000000000e+02 1.690000000000000000e+02
2.600000000000000000e+02 1.840000000000000000e+02
1.660000000000000000e+02 1.850000000000000000e+02
1.590000000000000000e+02 1.980000000000000000e+02
1.530000000000000000e+02 2.110000000000000000e+02
1.460000000000000000e+02 2.240000000000000000e+02
1.370000000000000000e+02 2.420000000000000000e+02
1.430000000000000000e+02 2.460000000000000000e+02
1.490000000000000000e+02 2.490000000000000000e+02
1.580000000000000000e+02 2.490000000000000000e+02
1.680000000000000000e+02 2.490000000000000000e+02
1.220000000000000000e+02 1.810000000000000000e+02
1.310000000000000000e+02 1.730000000000000000e+02
1.440000000000000000e+02 1.750000000000000000e+02
1.520000000000000000e+02 1.890000000000000000e+02
1.400000000000000000e+02 1.890000000000000000e+02
1.280000000000000000e+02 1.870000000000000000e+02
1.970000000000000000e+02 1.960000000000000000e+02
2.110000000000000000e+02 1.860000000000000000e+02
2.250000000000000000e+02 1.880000000000000000e+02
2.360000000000000000e+02 2.000000000000000000e+02
2.240000000000000000e+02 2.020000000000000000e+02
2.090000000000000000e+02 2.000000000000000000e+02
1.240000000000000000e+02 2.770000000000000000e+02
1.310000000000000000e+02 2.690000000000000000e+02
1.400000000000000000e+02 2.640000000000000000e+02
1.470000000000000000e+02 2.670000000000000000e+02
1.550000000000000000e+02 2.660000000000000000e+02
1.720000000000000000e+02 2.750000000000000000e+02
1.910000000000000000e+02 2.870000000000000000e+02
1.700000000000000000e+02 2.920000000000000000e+02
1.540000000000000000e+02 2.930000000000000000e+02
1.440000000000000000e+02 2.920000000000000000e+02
1.370000000000000000e+02 2.900000000000000000e+02
1.300000000000000000e+02 2.860000000000000000e+02
1.290000000000000000e+02 2.780000000000000000e+02
1.390000000000000000e+02 2.760000000000000000e+02
1.460000000000000000e+02 2.780000000000000000e+02
1.550000000000000000e+02 2.790000000000000000e+02
1.850000000000000000e+02 2.860000000000000000e+02
1.540000000000000000e+02 2.810000000000000000e+02
1.460000000000000000e+02 2.800000000000000000e+02
1.390000000000000000e+02 2.780000000000000000e+02
