1.480000000000000000e+02 2.740000000000000000e+02
1.530000000000000000e+02 3.140000000000000000e+02
1.600000000000000000e+02 3.530000000000000000e+02
1.690000000000000000e+02 3.910000000000000000e+02
1.840000000000000000e+02 4.260000000000000000e+02
2.070000000000000000e+02 4.580000000000000000e+02
2.390000000000000000e+02 4.820000000000000000e+02
2.760000000000000000e+02 5.020000000000000000e+02
3.150000000000000000e+02 5.060000000000000000e+02
3.510000000000000000e+02 4.970000000000000000e+02
3.810000000000000000e+02 4.760000000000000000e+02
4.050000000000000000e+02 4.500000000000000000e+02
4.210000000000000000e+02 4.180000000000000000e+02
4.280000000000000000e+02 3.820000000000000000e+02
4.310000000000000000e+02 3.450000000000000000e+02
4.340000000000000000e+02 3.070000000000000000e+02
4.360000000000000000e+02 2.700000000000000000e+02
1.850000000000000000e+02 2.690000000000000000e+02
2.050000000000000000e+02 2.560000000000000000e+02
2.320000000000000000e+02 2.550000000000000000e+02
2.580000000000000000e+02 2.600000000000000000e+02
2.820000000000000000e+02 2.690000000000000000e+02
3.310000000000000000e+02 2.690000000000000000e+02
3.510000000000000000e+02 2.580000000000000000e+02
3.730000000000000000e+02 2.510000000000000000e+02
3.960000000000000000e+02 2.480000000000000000e+02
4.140000000000000000e+02 2.590000000000000000e+02
3.070000000000000000e+02 2.890000000000000000e+02
3.090000000000000000e+02 3.160000000000000000e+02
3.110000000000000000e+02 3.430000000000000000e+02
3.120000000000000000e+02 3.710000000000000000e+02
2.830000000000000000e+02 3.820000000000000000e+02
2.960000000000000000e+02 3.880000000000000000e+02
3.120000000000000000e+02 3.920000000000000000e+02
3.250000000000000000e+02 3.870000000000000000e+02
3.370000000000000000e+02 3.800000000000000000e+02
2.170000000000000000e+02 2.890000000000000000e+02
2.320000000000000000e+02 2.830000000000000000e+02
2.480000000000000000e+02 2.840000000000000000e+02
2.640000000000000000e+02 2.930000000000000000e+02
2.470000000000000000e+02 2.950000000000000000e+02
2.310000000000000000e+02 2.950000000000000000e+02
3.420000000000000000e+02 2.910000000000000000e+02
3.570000000000000000e+02 2.820000000000000000e+02
3.730000000000000000e+02 2.790000000000000000e+02
3.870000000000000000e+02 2.830000000000000000e+02
3.750000000000000000e+02 2.900000000000000000e+02
3.590000000000000000e+02 2.910000000000000000e+02
2.590000000000000000e+02 4.260000000000000000e+02
2.800000000000000000e+02 4.210000000000000000e+02
2.980000000000000000e+02 4.180000000000000000e+02
3.120000000000000000e+02 4.200000000000000000e+02
3.260000000000000000e+02 4.160000000000000000e+02
3.410000000000000000e+02 4.180000000000000000e+02
3.570000000000000000e+02 4.210000000000000000e+02
3.440000000000000000e+02 4.340000000000000000e+02
3.280000000000000000e+02 4.420000000000000000e+02
3.140000000000000000e+02 4.440000000000000000e+02
2.990000000000000000e+02 4.430000000000000000e+02
2.800000000000000000e+02 4.380000000000000000e+02
2.670000000000000000e+02 4.260000000000000000e+02
2.980000000000000000e+02 4.260000000000000000e+02
3.130000000000000000e+02 4.280000000000000000e+02
3.260000000000000000e+02 4.250000000000000000e+02
3.500000000000000000e+02 4.220000000000000000e+02
3.270000000000000000e+02 4.260000000000000000e+02
3.130000000000000000e+02 4.290000000000000000e+02
2.990000000000000000e+02 4.280000000000000000e+02
