2.040000000000000000e+02 2.000000000000000000e+02
2.100000000000000000e+02 2.260000000000000000e+02
2.190000000000000000e+02 2.520000000000000000e+02
2.280000000000000000e+02 2.770000000000000000e+02
2.390000000000000000e+02 3.010000000000000000e+02
2.570000000000000000e+02 3.210000000000000000e+02
2.790000000000000000e+02 3.370000000000000000e+02
3.030000000000000000e+02 3.490000000000000000e+02
3.290000000000000000e+02 3.500000000000000000e+02
3.520000000000000000e+02 3.430000000000000000e+02
3.730000000000000000e+02 3.250000000000000000e+02
3.900000000000000000e+02 3.020000000000000000e+02
4.020000000000000000e+02 2.750000000000000000e+02
4.050000000000000000e+02 2.460000000000000000e+02
4.040000000000000000e+02 2.150000000000000000e+02
4.000000000000000000e+02 1.840000000000000000e+02
3.950000000000000000e+02 1.550000000000000000e+02
2.140000000000000000e+02 1.820000000000000000e+02
2.190000000000000000e+02 1.650000000000000000e+02
2.340000000000000000e+02 1.540000000000000000e+02
2.520000000000000000e+02 1.510000000000000000e+02
2.690000000000000000e+02 1.540000000000000000e+02
3.030000000000000000e+02 1.490000000000000000e+02
3.200000000000000000e+02 1.390000000000000000e+02
3.390000000000000000e+02 1.350000000000000000e+02
3.580000000000000000e+02 1.390000000000000000e+02
3.710000000000000000e+02 1.520000000000000000e+02
2.920000000000000000e+02 1.750000000000000000e+02
2.960000000000000000e+02 1.970000000000000000e+02
3.010000000000000000e+02 2.190000000000000000e+02
3.050000000000000000e+02 2.410000000000000000e+02
2.910000000000000000e+02 2.510000000000000000e+02
3.000000000000000000e+02 2.540000000000000000e+02
3.100000000000000000e+02 2.560000000000000000e+02
3.170000000000000000e+02 2.500000000000000000e+02
3.240000000000000000e+02 2.440000000000000000e+02
2.370000000000000000e+02 1.900000000000000000e+02
2.460000000000000000e+02 1.800000000000000000e+02
2.600000000000000000e+02 1.770000000000000000e+02
2.710000000000000000e+02 1.850000000000000000e+02
2.610000000000000000e+02 1.910000000000000000e+02
2.470000000000000000e+02 1.930000000000000000e+02
3.180000000000000000e+02 1.770000000000000000e+02
3.280000000000000000e+02 1.650000000000000000e+02
3.420000000000000000e+02 1.620000000000000000e+02
3.520000000000000000e+02 1.690000000000000000e+02
3.450000000000000000e+02 1.760000000000000000e+02
3.310000000000000000e+02 1.780000000000000000e+02
2.830000000000000000e+02 2.860000000000000000e+02
2.920000000000000000e+02 2.790000000000000000e+02
3.010000000000000000e+02 2.750000000000000000e+02
3.110000000000000000e+02 2.760000000000000000e+02
3.210000000000000000e+02 2.720000000000000000e+02
3.330000000000000000e+02 2.710000000000000000e+02
3.480000000000000000e+02 2.720000000000000000e+02
3.380000000000000000e+02 2.840000000000000000e+02
3.270000000000000000e+02 2.910000000000000000e+02
3.170000000000000000e+02 2.940000000000000000e+02
3.060000000000000000e+02 2.950000000000000000e+02
2.950000000000000000e+02 2.930000000000000000e+02
2.890000000000000000e+02 2.860000000000000000e+02
3.020000000000000000e+02 2.820000000000000000e+02
3.120000000000000000e+02 2.820000000000000000e+02
3.230000000000000000e+02 2.790000000000000000e+02
3.430000000000000000e+02 2.740000000000000000e+02
3.240000000000000000e+02 2.790000000000000000e+02
3.140000000000000000e+02 2.830000000000000000e+02
3.040000000000000000e+02 2.830000000000000000e+02
